Age,Sex,ChestPainType,RestingBP,Cholesterol,FastingBS,RestingECG,MaxHR,ExerciseAngina,Oldpeak,ST_Slope,HeartDisease
61,M,ASY,118,200,1,Normal,136,N,2.2693368620882066,Flat,1
45,M,ASY,138,225,0,Normal,125,N,-0.023801355269715788,Flat,1
59,M,ATA,137,255,0,Normal,145,Y,2.753524276544093,Flat,1
56,M,ATA,139,267,0,Normal,129,N,3.4571440948865244,Flat,1
63,F,NAP,139,283,1,ST,120,N,0.012911394716853812,Up,0
65,M,NAP,131,245,0,Normal,164,N,0.12649605544627027,Up,0
57,M,ASY,147,2,0,Normal,123,N,1.5613787141442221,Flat,1
61,M,ASY,154,220,0,Normal,118,N,1.6738040918796795,Flat,1
41,M,ATA,118,214,0,ST,146,N,0.1108141616721271,Flat,0
45,M,ATA,139,260,0,LVH,131,N,0.017422463136530463,Up,0
56,M,ATA,110,251,1,Normal,124,N,0.07123934170203837,Flat,0
53,M,NAP,121,193,1,LVH,128,Y,2.765142457161429,Down,0
53,F,NAP,120,223,0,Normal,161,Y,0.8193067069698851,Flat,1
44,M,NAP,138,229,1,Normal,191,N,0.15416871857586745,Up,0
41,M,ATA,137,244,0,Normal,197,N,1.5977236098739884,Up,0
57,M,NAP,146,218,0,Normal,157,N,1.5327557231578335,Flat,1
62,M,ATA,127,4,1,LVH,185,N,0.08143487291674856,Up,0
56,F,NAP,154,249,0,Normal,180,N,0.008903508504046193,Flat,1
43,F,NAP,142,231,0,Normal,202,N,0.13970344695613757,Up,0
44,M,ASY,147,223,1,Normal,151,N,1.2735779506965186,Flat,1
42,M,ATA,118,229,0,Normal,175,N,0.11264330047714802,Up,0
65,M,NAP,148,229,0,Normal,119,Y,0.08038973375644574,Up,0
43,M,ATA,135,204,0,Normal,187,N,0.13121424589366767,Up,1
53,F,ATA,118,290,0,LVH,192,N,0.07516460920377778,Up,0
57,M,ATA,120,4,0,LVH,159,N,-0.002128889343145547,Flat,0
59,M,ASY,138,199,0,Normal,148,Y,1.6619220840629665,Flat,1
56,F,ATA,141,261,0,Normal,164,N,0.015135022708817183,Up,0
64,M,ASY,131,14,1,Normal,171,Y,1.4431190572268053,Down,1
71,F,ATA,144,252,0,ST,161,N,1.5379263484034396,Up,0
66,M,ASY,99,231,1,ST,125,N,0.07142996153249119,Flat,1
67,M,ATA,137,247,0,Normal,181,N,1.721557922140286,Flat,0
64,F,ASY,111,269,0,ST,174,N,1.7678504268647959,Flat,0
48,M,ATA,140,234,0,Normal,183,N,0.1561040604206617,Flat,1
45,M,NAP,118,198,1,Normal,150,N,0.0993668568007361,Up,1
49,M,TA,147,221,0,Normal,176,N,0.14385177728313767,Up,0
46,F,ATA,143,255,0,Normal,192,N,0.13819994954071368,Up,0
57,F,NAP,146,238,0,Normal,158,N,1.1092311836370707,Flat,0
46,F,NAP,136,207,0,Normal,173,N,1.7602318613091867,Up,1
46,M,ASY,154,265,1,LVH,128,N,2.4255769924022283,Up,1
74,M,ATA,147,275,0,Normal,173,N,0.07739561664742901,Up,0
48,M,TA,120,280,0,Normal,193,N,0.11049588742282035,Up,0
70,M,ATA,138,271,0,Normal,163,N,1.4124649167977332,Flat,0
50,M,ASY,137,218,1,Normal,120,Y,0.14127246070473143,Flat,1
53,M,NAP,151,230,0,Normal,158,Y,1.0489157467755024,Flat,1
56,F,ATA,130,286,0,LVH,183,N,1.05280309317308,Up,0
61,M,NAP,137,0,1,ST,135,N,0.9794398500179263,Down,1
68,M,TA,128,260,0,Normal,132,N,0.0774201114039825,Up,0
65,F,NAP,138,249,0,Normal,186,N,0.16741206921568116,Up,0
59,M,ASY,137,189,0,Normal,173,Y,0.03616546772056565,Flat,1
40,F,ATA,118,242,0,Normal,186,N,0.13650722102047996,Up,0
59,M,ATA,107,215,0,Normal,167,N,0.05673433381559555,Up,0
63,M,ASY,139,234,0,LVH,118,N,2.728573897808926,Up,0
64,F,TA,138,255,1,LVH,164,Y,0.01961174540719554,Up,0
49,M,ASY,142,1,0,ST,128,Y,1.6362496855376545,Flat,1
52,M,ATA,141,245,0,Normal,146,N,0.16050871404452727,Up,0
54,M,ATA,136,251,0,Normal,190,N,1.4093890867837757,Up,0
56,M,ASY,106,11,1,Normal,143,N,1.1338795188184705,Flat,0
61,M,ASY,137,225,0,Normal,176,N,2.2338536622058323,Flat,1
41,F,NAP,147,266,1,LVH,176,N,1.6108066795415104,Up,0
45,F,ATA,145,272,0,Normal,174,N,0.12027950882306336,Up,0
55,M,TA,138,262,0,ST,141,N,1.6200982870578695,Up,0
47,F,ASY,137,235,0,Normal,139,N,1.0189531714406868,Up,0
60,F,NAP,128,243,0,LVH,143,N,1.5671820137659092,Flat,0
48,M,ATA,99,210,0,Normal,193,N,0.17672942351902088,Flat,1
69,M,NAP,122,265,0,LVH,119,N,1.4675839889791866,Flat,1
54,F,NAP,152,242,1,Normal,124,N,1.3418584794593955,Up,0
65,M,ASY,137,0,1,Normal,149,Y,1.9508966339504097,Flat,1
36,F,ATA,152,261,0,Normal,191,N,0.024562556633336896,Up,0
61,M,ASY,137,233,0,Normal,166,Y,1.8552082468423639,Flat,1
66,M,ASY,149,254,1,Normal,135,Y,1.9273994333479696,Flat,1
64,M,NAP,140,180,0,Normal,167,N,3.296340615346345,Flat,1
61,F,ATA,126,292,0,Normal,139,N,0.09855910108331714,Up,0
70,M,ATA,145,237,1,Normal,165,N,1.4920311162993067,Flat,1
48,F,ATA,117,221,1,Normal,177,N,0.19678726073795708,Up,0
63,M,NAP,150,235,0,Normal,172,N,0.07530968178787692,Flat,1
35,M,NAP,104,206,0,Normal,171,N,0.050206614157185254,Up,1
48,F,ATA,118,228,0,Normal,193,N,0.15024021071429447,Up,0
58,M,ASY,127,245,1,Normal,147,N,0.08548900135430121,Flat,1
59,M,NAP,129,235,0,Normal,168,Y,0.07009650913994465,Flat,1
65,M,ATA,157,267,0,Normal,164,N,2.92420807140435,Flat,1
63,M,NAP,109,237,0,LVH,175,Y,0.057857640501184526,Flat,1
62,M,NAP,145,238,1,ST,143,N,1.6486452099879565,Flat,1
62,F,ASY,137,214,1,Normal,172,N,3.4330361107543785,Up,1
44,M,NAP,107,275,1,Normal,182,N,1.1746700129309968,Up,1
62,M,ASY,108,0,0,Normal,114,Y,2.8796232839005325,Flat,1
48,M,NAP,146,179,0,Normal,142,N,4.316918856329469,Flat,1
61,M,NAP,154,239,0,Normal,165,Y,2.7047479517728803,Flat,1
60,F,ASY,137,235,0,LVH,165,N,1.1885280258154358,Flat,1
62,M,ATA,144,201,1,Normal,131,N,0.9701300143410775,Up,0
55,M,TA,154,262,0,Normal,179,N,0.07998455581415563,Flat,0
40,M,ASY,117,2,1,ST,151,N,0.0009597768367293775,Flat,1
63,F,NAP,133,18,0,Normal,168,N,1.79318431381743,Flat,0
68,M,ATA,138,5,1,ST,133,Y,1.632198806383179,Down,1
65,M,NAP,139,267,0,LVH,202,N,2.1243667696611848,Flat,0
62,M,NAP,135,225,0,Normal,189,N,0.11524198042161142,Up,0
52,M,ATA,142,226,0,Normal,161,N,0.1080846164963303,Up,0
64,M,NAP,119,248,1,ST,119,N,1.4808031236434103,Flat,1
65,M,NAP,148,206,0,Normal,120,Y,0.8766504322362791,Flat,1
42,M,NAP,128,233,0,Normal,174,N,1.3426496254760647,Flat,0
65,F,ASY,143,258,0,ST,144,N,1.3211857863299505,Up,0
55,M,ASY,118,198,0,ST,126,N,1.2508269291067076,Flat,0
69,M,ASY,136,245,0,Normal,120,Y,2.584891995559671,Flat,1
60,F,ATA,157,255,0,LVH,166,N,0.11762818534270195,Up,0
60,M,NAP,144,254,0,LVH,159,N,0.12685900529498456,Up,0
68,M,NAP,145,244,1,Normal,153,N,0.1320515292669561,Up,1
54,M,ATA,121,11,0,Normal,168,N,0.021963417473745105,Flat,1
63,F,ATA,147,246,0,Normal,164,Y,3.4277213605658794,Flat,0
68,F,NAP,105,235,0,LVH,138,N,0.05087212398738118,Flat,1
60,F,NAP,138,414,0,Normal,167,Y,0.041175622960718326,Flat,1
40,F,ATA,150,265,0,Normal,178,N,1.0511448448538474,Flat,0
59,M,TA,128,222,0,ST,161,N,0.09843719854939575,Up,0
48,F,ATA,120,257,0,Normal,191,N,0.10207581731983938,Up,0
60,M,ASY,141,240,0,LVH,169,Y,1.8391373327310108,Flat,1
65,F,ASY,138,295,1,Normal,181,N,1.1101525292918648,Up,1
64,M,NAP,145,243,0,ST,161,N,1.5966907622241866,Flat,1
67,F,TA,128,8,0,ST,151,N,1.3751831002266528,Up,0
59,M,NAP,140,197,0,Normal,150,N,0.1527986668607022,Flat,1
40,F,ATA,120,239,0,Normal,139,Y,0.6062363245638157,Flat,1
39,F,ASY,138,236,0,ST,172,N,2.4330966253082753,Flat,0
46,M,ASY,133,188,0,Normal,187,N,1.7500912740403212,Up,0
60,F,NAP,149,282,1,Normal,160,N,1.116831879877076,Flat,0
62,M,NAP,130,264,1,ST,164,N,0.09654382379654941,Up,0
66,F,NAP,127,303,0,ST,180,N,0.05769880377463123,Up,0
66,M,ATA,137,226,0,ST,144,N,1.7729422774311436,Up,0
43,M,ASY,136,239,0,Normal,174,Y,1.9346251478159067,Flat,1
66,M,ASY,144,226,0,ST,106,Y,3.5867944989791827,Flat,1
58,M,ASY,118,216,0,Normal,184,N,2.1509935503632267,Flat,1
63,F,NAP,153,289,0,LVH,161,N,0.1149952797130663,Up,0
43,M,NAP,139,264,0,LVH,177,N,0.07453645215373027,Up,1
56,M,ASY,150,236,0,Normal,172,N,0.07980481433457266,Flat,1
64,M,NAP,145,209,0,Normal,132,N,1.9302533901220875,Flat,1
59,F,NAP,135,243,0,Normal,192,N,2.214975683822961,Up,0
71,M,ATA,117,250,1,Normal,134,N,0.0759039480227654,Flat,0
64,M,NAP,119,0,1,Normal,118,Y,0.04815319123626729,Flat,1
60,F,ATA,127,261,0,LVH,180,N,3.197060737927944,Up,0
59,M,NAP,150,278,1,LVH,159,N,1.0606432281068743,Flat,1
42,M,NAP,138,257,0,ST,177,N,1.3871272324278716,Flat,1
50,M,ATA,99,194,0,ST,167,N,0.07302358822705496,Up,0
43,M,ATA,152,239,0,Normal,170,N,0.06674561757922166,Down,0
39,F,NAP,140,255,0,Normal,178,N,0.13144242041118862,Up,0
52,F,NAP,139,258,0,LVH,178,N,-0.03426069264871867,Up,0
67,M,NAP,137,216,0,Normal,180,N,1.9546453372466361,Flat,1
47,M,ASY,137,200,0,Normal,161,N,1.8882959809156015,Flat,1
68,F,NAP,141,214,1,Normal,152,N,0.13964976926284584,Up,1
59,M,ATA,126,223,0,Normal,196,N,0.19556896423347783,Up,0
46,F,NAP,109,265,0,LVH,192,N,0.10283969521641163,Flat,0
58,F,NAP,117,225,0,ST,179,N,0.15396060671178416,Up,0
46,M,ATA,139,210,1,Normal,180,N,0.1023118809809065,Up,0
61,M,NAP,141,202,0,LVH,137,N,1.8284278411614727,Flat,1
38,F,ASY,109,265,0,Normal,171,N,1.0469351864942302,Up,1
45,M,NAP,149,271,1,Normal,180,N,1.6206552920247081,Flat,0
42,M,TA,136,238,0,Normal,177,Y,3.1756236298338285,Flat,1
51,M,ATA,140,232,0,Normal,184,Y,1.9596708996472143,Flat,1
63,M,ASY,152,251,0,Normal,103,N,0.0976939841024613,Up,0
59,F,NAP,155,23,1,ST,121,Y,1.3558148047651972,Flat,0
58,M,ASY,154,279,1,Normal,171,N,1.4358076692605453,Up,1
50,M,ATA,129,245,0,LVH,191,N,0.1345312417146726,Flat,1
58,F,ASY,130,232,0,Normal,160,N,1.1807672385952355,Flat,1
62,F,NAP,140,242,0,Normal,198,N,0.11676538290458437,Up,0
53,M,ASY,147,0,1,LVH,178,N,0.978393450339448,Up,1
42,F,NAP,147,260,0,Normal,186,N,0.10609593182825755,Up,0
73,F,NAP,140,244,1,Normal,134,N,2.0037903036997533,Flat,1
67,F,ATA,143,266,0,ST,191,N,0.09162870515859765,Up,0
71,M,NAP,149,217,0,Normal,136,N,1.586578881394869,Up,1
59,M,ASY,141,216,0,ST,111,Y,2.7555133570366745,Flat,1
66,M,NAP,117,253,0,Normal,186,N,0.1088662326544839,Up,0
56,F,ATA,141,250,0,Normal,189,N,0.10143948550182266,Up,0
39,M,NAP,110,234,0,Normal,167,Y,2.0402812645335633,Flat,0
66,M,NAP,138,248,1,LVH,159,N,2.916042336264436,Flat,0
55,F,ASY,138,19,0,LVH,168,N,1.9720128901289589,Flat,1
46,M,ATA,140,197,0,Normal,161,N,4.06538812345331,Flat,0
72,M,ASY,142,0,0,Normal,135,N,2.78609675474991,Flat,1
56,M,ASY,138,13,0,Normal,174,N,0.052726025937422046,Flat,0
65,M,ASY,132,0,1,Normal,149,Y,2.4840552787745445,Flat,1
54,M,NAP,121,264,0,ST,166,Y,0.49890005474896393,Flat,0
39,M,NAP,108,244,0,Normal,185,N,0.0137809216403099,Up,0
66,M,NAP,141,263,0,Normal,190,N,0.13660177255361766,Up,1
50,F,NAP,142,247,0,Normal,159,N,0.074551777381393,Up,1
63,M,ASY,141,216,0,Normal,133,N,1.8462105878980561,Flat,0
61,M,NAP,139,258,0,LVH,180,N,0.10588416594138321,Up,0
46,M,NAP,120,282,0,Normal,189,N,0.12032304192477884,Up,0
64,M,NAP,139,244,1,LVH,169,N,0.002235529402406582,Up,1
62,F,ASY,127,0,0,ST,150,N,0.08380518628588932,Up,0
68,M,NAP,142,205,1,Normal,144,N,0.10460099329640625,Up,1
65,F,NAP,145,236,0,Normal,172,N,1.9828690784198608,Up,1
64,F,NAP,141,250,0,LVH,201,N,2.104799855286607,Up,0
45,M,NAP,130,217,0,Normal,163,Y,2.9735368770527577,Flat,1
57,M,NAP,128,235,0,Normal,177,N,2.279035833611974,Up,1
43,M,NAP,112,244,1,ST,174,N,0.017321903641391308,Up,1
62,F,TA,136,1,1,ST,169,N,-0.006564258672743585,Flat,1
66,M,ASY,150,239,0,Normal,142,N,1.2870618957123159,Flat,1
61,M,ASY,98,203,0,Normal,143,Y,2.1473666830860405,Flat,0
55,M,NAP,136,208,1,Normal,160,N,1.7130209771124578,Flat,1
56,M,ASY,138,249,1,Normal,173,N,0.054433732503907754,Up,1
47,M,ASY,117,234,0,Normal,160,Y,0.09626610821531152,Flat,1
44,M,ASY,135,219,0,Normal,175,N,2.162634786570876,Flat,1
66,M,ASY,117,0,1,Normal,130,Y,1.129450743043913,Flat,1
57,M,ASY,148,251,0,LVH,115,Y,0.09745123289024829,Flat,1
60,F,ASY,136,205,0,LVH,139,N,3.1939726116317306,Flat,1
59,M,ASY,129,248,0,Normal,165,N,0.04636463818438982,Flat,0
57,M,NAP,146,242,0,LVH,170,N,0.12892450323461366,Flat,0
59,M,ASY,145,163,0,ST,141,Y,0.10001172780408932,Down,1
43,M,NAP,100,248,0,Normal,166,N,0.18271972605184172,Up,1
66,M,NAP,118,252,0,ST,140,N,0.14356949171113145,Flat,1
64,F,ATA,128,266,0,LVH,182,N,1.4662197475121022,Up,0
66,M,NAP,144,249,0,Normal,144,N,2.115002026763139,Flat,1
62,M,NAP,133,220,0,Normal,171,Y,1.8488046860987069,Flat,1
60,M,ASY,106,0,1,ST,124,Y,1.2679431937367847,Flat,1
48,M,ATA,145,4,0,Normal,178,N,3.590913608927091,Flat,1
45,M,NAP,138,203,0,Normal,142,N,1.4958296232393875,Up,0
47,F,ATA,127,232,0,Normal,194,N,0.07728925602176714,Up,0
61,M,ATA,104,229,1,LVH,147,N,1.3912012420533688,Flat,1
44,F,ATA,139,280,0,Normal,171,N,0.04222991687623483,Flat,0
70,M,ASY,126,255,1,LVH,144,N,2.2053107326227535,Up,1
46,F,ATA,118,231,0,Normal,199,N,0.22753922107389823,Up,0
41,F,NAP,131,291,0,LVH,186,N,0.041100863230272316,Up,0
55,M,ASY,148,0,0,Normal,160,N,-0.007310317052510692,Up,0
64,F,NAP,129,257,0,LVH,183,N,0.08820920464164163,Up,0
67,F,NAP,130,266,0,Normal,134,N,0.6731067027771194,Up,1
66,F,NAP,151,224,1,Normal,174,N,1.9759383887716266,Up,0
59,M,NAP,150,268,0,LVH,146,N,1.3702704105994736,Flat,0
60,F,ATA,130,237,1,LVH,171,N,1.3425860381557924,Up,0
40,F,ATA,102,263,0,Normal,192,N,0.03388752430491779,Up,0
71,F,NAP,131,3,0,ST,103,N,1.4504590952801806,Up,1
62,F,ATA,149,270,0,Normal,185,N,0.03782961656254079,Up,0
66,M,ASY,149,262,1,Normal,140,N,3.091807875390284,Flat,1
41,F,NAP,148,265,0,Normal,178,N,0.07405918851654068,Up,0
58,M,ASY,128,253,0,LVH,179,N,1.408828152438637,Up,0
64,F,ASY,150,244,1,Normal,160,N,2.3213929006893848,Flat,0
59,F,ATA,137,255,0,ST,168,N,0.04965719834354947,Up,0
59,F,NAP,135,259,1,LVH,176,Y,1.563217823018864,Up,1
49,M,ASY,128,206,0,Normal,127,N,0.07186709001368742,Flat,1
68,F,NAP,136,231,0,Normal,184,N,2.0780026816878094,Up,0
56,M,ATA,144,244,0,LVH,180,N,0.10170710573707449,Up,0
43,M,ATA,148,289,1,ST,137,N,0.06898730639138204,Flat,0
46,M,TA,153,217,0,ST,130,Y,0.09778971752976322,Flat,1
64,M,ASY,135,4,1,ST,141,Y,1.743319505249274,Up,1
44,M,ASY,138,217,0,Normal,166,N,2.0888216254578795,Flat,1
53,M,NAP,138,210,0,Normal,104,Y,2.120971484236991,Down,1
67,F,NAP,155,268,0,LVH,158,N,1.6327346375174199,Up,0
47,M,NAP,129,263,0,Normal,182,N,0.061059711888395984,Flat,0
59,F,ATA,124,241,0,LVH,166,N,-0.0019207122286552768,Up,0
62,M,ATA,137,199,0,Normal,144,N,0.08717766711334542,Flat,0
65,F,TA,117,239,0,Normal,186,N,0.12501146833747392,Up,0
68,M,NAP,143,213,1,Normal,158,N,2.511751258360511,Up,0
62,F,ATA,146,290,0,Normal,170,N,0.11164290586007902,Up,0
57,M,NAP,137,222,1,Normal,185,N,0.14697316961996396,Up,0
65,M,ATA,142,237,0,Normal,185,N,0.1313205375755033,Up,0
60,M,NAP,146,223,0,Normal,197,N,1.548132253642086,Flat,1
60,F,ASY,128,2,1,Normal,124,Y,0.6452979618900943,Flat,1
65,M,ASY,106,231,1,Normal,150,N,2.5281473446073672,Flat,1
63,M,ATA,138,172,0,Normal,161,N,0.11733609989825074,Up,1
64,M,NAP,108,229,0,Normal,166,Y,0.05581639601471705,Up,1
64,M,ATA,144,243,0,ST,151,N,0.1942209745427114,Up,0
60,M,NAP,141,240,0,Normal,142,N,0.044558839326832765,Flat,0
57,F,ATA,138,249,0,Normal,172,N,0.1939728752594053,Up,0
69,M,ATA,132,0,1,ST,134,N,0.1170016435480122,Up,0
43,M,ASY,134,194,0,LVH,192,Y,2.325782673500046,Up,1
56,M,ASY,145,225,0,LVH,120,Y,1.3134244377699928,Flat,1
59,F,NAP,120,251,0,Normal,127,N,0.036418314278764706,Up,0
45,M,ASY,134,206,0,ST,180,Y,3.7615833893020545,Flat,1
60,F,ASY,131,257,0,ST,122,Y,0.03633072607207788,Flat,1
43,M,ATA,136,211,0,Normal,198,N,0.07673767586444312,Flat,0
58,F,ATA,129,248,0,Normal,185,N,0.11718006032121943,Up,0
51,F,NAP,139,251,0,LVH,170,N,0.9401478445908219,Flat,0
68,M,NAP,139,239,0,Normal,110,N,1.8567730715704895,Flat,1
47,F,ATA,117,269,0,Normal,202,N,0.13914938482106867,Up,0
47,M,NAP,149,235,0,ST,135,N,0.09043163842804323,Flat,1
59,M,ATA,154,228,0,LVH,164,N,1.0216130335056859,Flat,1
61,F,ASY,121,5,1,Normal,128,Y,1.4599195763634092,Down,1
39,M,ASY,138,221,0,Normal,164,N,0.06853627588007914,Flat,0
70,F,NAP,151,239,0,ST,138,N,1.735626655732464,Flat,0
44,F,ATA,129,295,0,LVH,184,N,1.1910478020215876,Up,0
57,M,NAP,148,240,0,ST,147,N,0.08565310243444431,Flat,0
72,M,NAP,128,248,0,LVH,118,N,1.5468636257908464,Flat,0
70,F,NAP,151,287,0,LVH,182,N,1.650372306914701,Up,0
53,M,ASY,136,1,1,ST,142,Y,1.6305531118016274,Flat,1
47,F,NAP,128,227,1,Normal,162,N,0.023499290171290352,Flat,0
40,F,ATA,148,206,0,Normal,199,N,0.15333947208289575,Up,0
60,M,NAP,157,9,0,Normal,130,N,1.3526028342673513,Flat,1
63,F,TA,140,247,0,Normal,192,N,1.2975890635616807,Flat,0
65,M,ASY,147,203,0,Normal,137,Y,0.11225360042385017,Flat,1
43,F,ATA,121,267,0,ST,154,N,0.03328982072783504,Flat,0
46,M,ASY,144,230,0,Normal,181,Y,3.3626118998587993,Flat,1
67,M,ASY,151,247,1,ST,168,N,1.4881822278830785,Flat,0
44,M,ASY,137,241,1,ST,142,N,0.08683928096501084,Up,1
59,F,NAP,130,258,0,Normal,173,N,1.908441278678168,Flat,0
55,F,ASY,138,253,0,Normal,174,Y,2.3534611793129665,Flat,1
64,M,NAP,146,248,1,Normal,162,N,0.057611067831173875,Up,0
49,F,ATA,101,275,0,Normal,186,N,0.09007532688488465,Flat,0
59,F,ATA,144,231,0,Normal,171,N,0.056915547738324766,Flat,0
71,M,NAP,147,261,0,LVH,157,N,2.1138018738593427,Flat,0
45,M,ASY,118,3,0,ST,129,N,1.2753628423123264,Up,0
72,M,NAP,152,250,1,ST,145,N,2.2805908195973705,Flat,1
62,M,NAP,139,250,0,LVH,188,N,1.5253939007999824,Flat,1
64,F,ASY,146,249,1,Normal,156,N,0.06629244488474612,Flat,1
48,F,NAP,153,256,0,LVH,162,Y,1.8435881332946524,Flat,0
60,F,NAP,144,266,0,Normal,141,N,1.782565063051358,Flat,0
42,F,ASY,103,239,0,Normal,175,N,1.690325913616733,Flat,0
42,F,TA,129,268,0,Normal,178,N,0.12349824984254935,Flat,0
58,F,NAP,128,265,0,Normal,175,N,0.040177579820580234,Up,0
64,M,TA,129,228,0,Normal,125,N,1.260470748038525,Up,1
42,F,NAP,131,239,0,Normal,170,N,1.328059875032592,Up,0
66,F,ATA,153,302,1,LVH,183,N,0.09800090231867349,Up,0
62,M,ASY,146,204,1,Normal,134,N,0.061492890873260125,Flat,1
66,M,ATA,128,14,1,Normal,140,Y,1.5363987246253428,Flat,1
47,M,ATA,136,252,0,Normal,190,N,0.17147071347385295,Up,0
62,M,TA,136,218,0,Normal,171,Y,1.7420662588641453,Flat,1
62,F,ATA,146,258,0,Normal,194,N,0.13365492628661077,Up,0
49,M,NAP,140,151,0,ST,115,N,1.7594821297169392,Down,1
60,F,ATA,117,258,0,LVH,197,N,1.7204654926017182,Up,0
52,M,NAP,107,250,0,LVH,151,N,2.7163399988213297,Flat,1
42,M,ASY,161,226,0,Normal,142,Y,3.3142217201065476,Flat,1
51,M,NAP,147,332,0,Normal,137,N,0.05230756892174099,Up,0
59,M,ASY,137,223,0,Normal,144,Y,2.1949582409109274,Flat,1
41,M,ASY,142,1,1,ST,141,N,1.6148602681946818,Flat,1
44,M,ASY,128,255,1,Normal,177,N,0.9366709685058975,Flat,0
69,M,ASY,143,237,0,Normal,173,Y,1.404769697179726,Flat,1
66,M,ASY,135,0,0,Normal,140,Y,1.8746286982600302,Flat,1
63,F,ATA,120,271,0,Normal,184,N,1.3173372565474561,Up,0
51,F,NAP,144,261,0,Normal,148,N,0.06480574514013125,Flat,0
43,M,ASY,137,235,1,ST,126,Y,1.088276200272939,Down,1
54,M,ASY,117,216,1,Normal,181,N,3.105517315882729,Flat,1
63,F,ATA,146,273,0,LVH,177,N,0.07726374188149701,Up,0
68,M,NAP,147,227,1,ST,115,N,0.10983948310224795,Flat,1
63,M,NAP,107,247,1,Normal,188,N,1.5211555123334217,Flat,1
64,M,ASY,156,272,0,LVH,136,Y,1.2572942372809222,Flat,1
64,M,ASY,153,208,0,Normal,106,N,1.6802376840526105,Flat,1
58,F,NAP,141,268,0,Normal,194,N,0.07110889013366245,Up,0
48,M,NAP,136,216,1,Normal,139,N,0.0588879321160493,Flat,1
57,M,TA,108,215,1,Normal,120,N,0.05249265354785804,Flat,1
62,M,NAP,145,265,1,LVH,140,N,0.1185746461894103,Down,1
63,F,ASY,145,279,1,LVH,175,N,2.1876512902069223,Flat,1
66,M,ASY,138,18,1,ST,130,Y,1.8170405196479846,Flat,1
63,M,ATA,140,242,0,Normal,125,N,1.396641684608929,Flat,1
61,F,NAP,146,245,0,ST,144,N,0.0495598816705234,Up,0
69,M,NAP,137,210,1,Normal,125,N,2.1973405072441525,Flat,1
48,M,ATA,148,251,0,LVH,160,N,1.5365015242848228,Flat,0
63,M,NAP,136,0,0,Normal,132,Y,2.3493597741400243,Flat,1
49,M,ASY,154,262,0,Normal,158,Y,1.39727088410565,Flat,1
66,F,ASY,135,247,0,ST,154,Y,1.093228049852474,Flat,1
57,M,ATA,127,218,0,LVH,123,N,0.04723566956062578,Up,0
48,M,ASY,137,213,0,Normal,143,Y,1.7590598864342148,Flat,1
68,M,TA,153,268,0,Normal,172,N,1.6168925380756658,Flat,1
58,M,NAP,152,257,0,ST,124,N,1.0450841608485246,Up,1
46,M,ATA,137,243,1,ST,178,N,1.4982222260379345,Flat,1
64,M,ASY,138,3,1,ST,177,Y,2.0572827987616864,Down,1
55,M,NAP,105,246,0,Normal,128,N,1.3813544071460688,Flat,1
64,M,ATA,150,243,0,ST,126,N,0.14074933464941103,Flat,1
64,F,ASY,100,225,0,Normal,137,Y,0.0215742184943273,Flat,1
65,M,ATA,119,258,1,Normal,184,N,1.3044507980405373,Up,0
71,M,ATA,151,253,0,Normal,164,N,0.13101268369307778,Up,0
69,M,ASY,136,194,0,Normal,145,Y,4.426975068828555,Flat,1
50,F,ATA,144,265,0,Normal,193,N,0.15516753733405084,Up,0
64,M,NAP,129,249,0,ST,168,N,0.09249950015600078,Up,0
61,M,ASY,117,394,0,Normal,178,N,2.403652421452852,Flat,1
43,F,ASY,120,241,0,LVH,177,N,0.44915580948643463,Flat,1
67,M,ATA,136,239,0,Normal,142,N,3.737469284771271,Flat,1
41,M,ATA,165,249,0,Normal,162,N,2.4841201211034845,Up,0
44,M,ASY,100,240,1,Normal,158,Y,2.4389162839173286,Flat,1
60,M,ATA,145,254,0,Normal,175,N,0.12775759942804196,Down,0
40,M,TA,138,252,0,Normal,137,Y,3.406698139279235,Flat,1
70,M,ASY,135,204,1,Normal,136,Y,2.8277267833134605,Flat,1
64,M,NAP,135,202,0,Normal,177,N,0.08340610494766297,Flat,0
55,M,ATA,149,220,0,Normal,155,N,1.2655836020674542,Up,0
53,F,ATA,151,235,0,Normal,136,N,0.6813070346199673,Up,0
44,F,ATA,121,261,0,Normal,177,N,1.1734661964325555,Up,0
58,F,ATA,141,250,0,Normal,191,N,0.08275365997254071,Up,0
50,M,NAP,140,206,1,Normal,178,N,0.15214924556481674,Up,1
41,M,ASY,129,240,1,Normal,170,N,1.8681677448888347,Up,0
63,F,ATA,147,244,0,ST,182,N,0.13224358706864203,Up,0
54,F,ASY,104,0,1,ST,134,N,1.4096059851611829,Flat,1
40,F,TA,131,291,0,LVH,162,N,0.891121942697009,Flat,1
63,M,ASY,135,9,1,Normal,148,N,1.2640153747135876,Flat,1
51,F,TA,107,279,0,Normal,162,N,0.11170817596529814,Up,0
56,M,NAP,143,255,0,Normal,162,N,2.0600965617520637,Flat,1
61,M,ATA,137,223,0,Normal,182,N,0.054885590341125605,Flat,0
64,M,ATA,143,208,0,LVH,178,N,1.681944674444361,Flat,1
46,F,ATA,126,266,0,Normal,194,N,0.10676288455424562,Up,0
41,M,NAP,129,236,0,Normal,179,N,0.016327051615496614,Flat,1
57,M,NAP,138,253,0,ST,163,N,0.03387402855093008,Up,0
61,M,TA,150,236,0,Normal,166,N,2.7150969024885367,Up,1
62,M,ASY,120,11,0,Normal,109,N,1.477347636647369,Flat,1
41,F,NAP,120,231,0,Normal,129,N,0.881138764599797,Up,0
65,F,ATA,144,235,0,Normal,191,N,0.12959176128326083,Up,0
59,M,NAP,129,240,0,Normal,176,N,1.91556718892734,Flat,0
60,M,ASY,142,219,0,ST,152,N,0.11968232724923648,Up,1
61,M,ATA,150,243,0,ST,156,N,1.6530763428961488,Up,0
68,F,NAP,151,299,1,LVH,150,N,1.152759090057441,Up,0
62,M,ASY,152,0,0,Normal,116,N,2.583624804650728,Flat,1
40,M,TA,136,237,0,Normal,160,N,1.3431896966935615,Up,0
35,M,NAP,121,278,0,Normal,190,N,1.1418526172090555,Up,0
61,M,NAP,149,252,0,Normal,154,Y,0.024034742397831765,Flat,0
46,M,NAP,117,280,0,Normal,190,N,0.15899901168474126,Up,1
49,F,NAP,119,241,0,Normal,182,N,0.13903720336664802,Up,0
67,M,NAP,142,256,0,Normal,133,Y,0.13181294423167197,Flat,1
44,M,NAP,114,202,1,Normal,144,N,1.533627982769416,Up,0
57,M,ASY,149,265,0,LVH,142,Y,2.5268987918151367,Flat,1
60,F,ATA,140,265,0,Normal,171,N,1.5053822695543468,Flat,1
38,F,ATA,116,219,0,Normal,172,N,1.6621774691215694,Flat,0
63,M,NAP,137,0,1,Normal,125,N,1.4282197279072448,Up,1
60,M,ASY,101,0,0,Normal,137,Y,1.4388411715763758,Flat,1
61,M,ASY,150,0,0,ST,172,N,1.8628293288913078,Flat,1
41,F,ATA,118,241,0,Normal,176,N,0.15183204486937585,Up,0
56,F,NAP,118,250,0,Normal,187,N,1.9491240847451283,Flat,0
67,M,ASY,137,254,1,Normal,153,Y,1.9117198107568103,Flat,1
58,M,NAP,136,218,0,Normal,152,Y,1.829644079368742,Flat,1
61,F,ATA,130,286,0,Normal,177,N,0.10318711300598446,Up,0
47,M,NAP,120,220,0,Normal,136,N,1.822575457712134,Up,1
43,M,ATA,126,249,0,Normal,186,N,0.14549421620668376,Up,0
40,M,ASY,135,225,0,LVH,190,Y,2.6906105525512554,Flat,1
61,F,ASY,104,247,0,ST,164,N,2.3630584740228393,Up,1
39,M,NAP,130,230,0,Normal,135,N,0.018136925545640725,Flat,0
47,F,ATA,144,226,0,ST,172,N,0.12427437019283934,Flat,0
67,M,NAP,156,257,0,LVH,178,N,1.8816510590313593,Up,0
64,M,ASY,148,268,1,Normal,141,Y,1.5477768868267048,Flat,1
65,M,NAP,120,241,0,Normal,124,N,3.467990260963532,Flat,1
48,F,TA,149,260,0,Normal,186,N,0.16444006830121244,Up,0
59,M,NAP,137,242,0,LVH,178,N,2.0777058352275497,Flat,1
67,F,NAP,153,274,0,Normal,137,N,1.6367859512871976,Up,0
41,F,ATA,136,217,0,ST,187,N,0.10089642483159908,Up,0
45,M,ATA,136,3,0,Normal,142,N,2.6951862819994963,Flat,1
46,M,ASY,105,0,0,Normal,149,N,1.3528031857823537,Flat,1
40,F,ASY,103,222,0,Normal,186,N,0.8440434531630416,Flat,0
63,M,ASY,121,231,0,LVH,114,N,1.5293560554604655,Flat,1
41,F,TA,149,249,0,Normal,191,N,0.09615952105993485,Up,0
57,M,NAP,148,7,0,LVH,125,N,0.8674129784137173,Up,0
67,M,NAP,144,207,0,Normal,124,N,1.6964090538634256,Flat,0
45,M,ASY,142,211,1,Normal,185,N,3.095306729491136,Flat,1
52,M,TA,128,231,0,Normal,135,N,2.655256026705486,Flat,1
58,F,NAP,152,245,0,Normal,171,N,1.0459274880734555,Flat,0
67,M,ATA,149,243,0,Normal,169,N,1.4990254096738411,Up,0
58,M,ASY,143,249,0,Normal,157,Y,1.452846238454629,Flat,1
56,F,NAP,108,236,0,LVH,172,Y,0.070451914564244,Up,1
63,F,NAP,143,260,0,Normal,194,N,0.09435818631512723,Up,0
45,M,NAP,118,9,1,Normal,147,Y,1.7224784498510104,Flat,1
71,F,TA,139,245,1,ST,122,Y,1.293831590812892,Flat,1
65,F,ASY,128,215,0,ST,123,N,1.5617784855103558,Flat,0
68,F,ASY,167,238,0,Normal,123,Y,0.07794972802808807,Flat,1
68,M,ASY,136,272,0,Normal,181,N,2.2789035803827127,Flat,1
57,F,ATA,100,207,1,ST,176,N,1.350519253921826,Up,1
47,F,NAP,151,261,0,ST,181,N,1.4503922117184929,Up,0
52,F,NAP,119,272,0,Normal,199,N,0.10830167135958953,Up,0
40,M,ATA,149,276,0,Normal,184,N,0.08075304309796834,Up,0
61,M,ATA,139,216,1,ST,166,N,0.03234739555724159,Up,1
63,F,ATA,117,248,0,Normal,200,N,1.6739806978248302,Up,0
70,M,ATA,139,247,0,Normal,125,N,2.1825952141839515,Flat,1
47,M,ASY,102,4,1,ST,127,Y,0.0027645279943554445,Up,1
50,F,ATA,145,7,0,Normal,158,N,1.6974558640992539,Up,0
58,M,ASY,118,260,0,Normal,141,N,0.04640086570280271,Up,0
55,M,ATA,128,244,0,Normal,185,N,0.004502232512096799,Up,0
46,M,ATA,105,263,0,Normal,184,N,0.12970389349209133,Down,0
42,M,ATA,138,247,0,Normal,186,N,0.04275605429939447,Up,0
75,F,ATA,144,239,0,Normal,194,N,0.183801395590937,Up,0
63,M,NAP,145,0,1,ST,120,N,1.6800361336288923,Down,1
66,F,NAP,106,278,0,LVH,177,Y,1.54737481919639,Up,0
64,F,ATA,148,243,0,Normal,175,N,0.09694208273341982,Up,0
44,F,NAP,146,213,0,Normal,167,Y,1.1141709423147632,Flat,1
64,M,ASY,147,233,1,Normal,178,N,0.11092796823102356,Up,1
56,M,NAP,129,256,0,Normal,186,N,1.3917758668514746,Up,0
72,F,NAP,142,282,1,ST,163,N,1.886482786097833,Up,1
42,M,NAP,101,201,0,Normal,170,N,0.005330087817146051,Flat,1
40,M,NAP,144,280,0,Normal,196,N,0.0958487222912168,Up,0
64,F,ATA,151,231,0,ST,181,N,0.014672424408381976,Up,0
69,M,ATA,138,209,0,ST,133,N,2.515455849700381,Up,1
42,M,NAP,148,229,1,Normal,172,N,1.1869809032771623,Up,0
65,M,NAP,137,242,1,LVH,146,Y,1.674238664628799,Flat,1
64,M,ATA,143,204,1,ST,138,N,1.9559541208387585,Flat,0
42,M,ASY,146,218,0,Normal,184,N,0.08727829555231081,Up,0
45,F,ATA,128,266,0,Normal,177,N,0.07164876461420165,Up,0
72,M,NAP,138,249,0,Normal,133,Y,2.1700214171697327,Up,0
41,M,ATA,138,237,0,LVH,185,N,1.6402691268516194,Flat,0
48,M,NAP,137,208,0,Normal,180,N,0.12362903628093848,Up,0
42,M,NAP,137,222,0,ST,176,N,0.11833401253757486,Up,0
57,F,NAP,148,253,0,Normal,189,N,2.0403876774266463,Flat,0
44,F,NAP,140,257,0,LVH,173,N,1.3672617698358973,Flat,1
47,M,ATA,145,255,0,Normal,181,N,0.23551501716054846,Up,0
63,M,NAP,127,241,1,Normal,147,Y,1.3994170731106235,Flat,1
67,M,NAP,125,13,0,Normal,190,N,1.8053695654109974,Up,0
41,M,ATA,150,262,1,Normal,151,N,0.00964720494219449,Up,0
48,M,NAP,137,219,0,Normal,193,N,0.10976117276475025,Up,0
59,F,NAP,146,0,0,ST,182,N,1.6345794182583266,Flat,0
65,F,ATA,152,262,0,ST,167,Y,0.044605627562058874,Flat,1
64,M,ATA,146,231,0,Normal,175,N,0.061361286958074086,Up,0
59,M,ATA,118,246,0,Normal,154,N,1.7909685810536495,Down,0
59,M,NAP,149,254,0,Normal,169,N,1.7786739305785149,Up,1
40,F,ATA,131,265,0,Normal,175,N,0.059497208406823376,Up,0
43,M,ATA,142,236,1,Normal,138,N,2.6982685497813654,Down,0
48,M,NAP,138,266,0,Normal,187,N,1.532123966446663,Up,0
58,M,ATA,106,0,1,Normal,138,N,0.07894370594475714,Up,0
62,M,NAP,152,245,0,Normal,136,Y,2.863895642653031,Flat,1
56,M,ASY,136,217,0,Normal,166,Y,1.9902287899348123,Flat,1
64,M,ASY,130,230,0,Normal,142,Y,3.0386266370694455,Flat,1
64,M,ATA,107,254,0,Normal,170,N,0.09001045566894594,Up,0
62,F,NAP,136,217,0,Normal,146,N,1.501478027815154,Up,0
63,M,ATA,141,0,0,ST,134,Y,2.7742523895297673,Flat,1
46,M,NAP,137,247,0,Normal,181,N,0.14461495589232942,Up,0
62,F,NAP,129,252,1,Normal,185,N,0.04587023461953952,Up,0
68,F,NAP,104,275,1,LVH,177,N,0.06983422712666788,Up,0
63,F,ATA,151,252,0,Normal,188,N,0.0687344105875928,Up,0
63,M,NAP,154,220,1,Normal,133,Y,3.01185151728805,Flat,1
62,M,NAP,119,206,1,ST,122,N,1.4480170216392543,Flat,1
45,M,NAP,97,236,0,Normal,202,N,0.11992860444570608,Up,0
67,M,ATA,139,222,0,Normal,177,Y,3.0244810244404556,Flat,0
63,F,ATA,138,9,0,Normal,151,N,1.4876805752187996,Up,0
60,F,ASY,119,0,0,Normal,149,N,0.8858927354106321,Flat,0
65,M,ASY,152,241,0,Normal,134,N,1.4869590685521707,Flat,1
59,M,NAP,140,184,0,Normal,146,N,1.389254702888701,Flat,1
42,F,NAP,151,213,0,LVH,164,N,0.09177413231094607,Flat,0
43,F,NAP,137,242,0,Normal,137,N,0.03160912413642104,Up,0
66,M,TA,138,220,0,ST,167,N,3.119085175611864,Flat,1
56,M,ASY,134,245,0,Normal,161,Y,2.3056076937490513,Flat,1
58,F,NAP,112,263,0,ST,177,N,0.09276264889166463,Up,0
65,F,NAP,107,237,0,LVH,186,Y,0.00408959509403478,Flat,0
61,F,NAP,138,253,1,ST,176,Y,1.8905003779879523,Flat,1
56,M,ASY,146,267,1,Normal,185,Y,1.7854976009094652,Flat,1
46,M,NAP,150,242,0,LVH,177,N,0.040139293836497995,Up,0
63,F,ATA,147,267,0,Normal,192,N,0.14029257195141165,Up,0
58,M,ATA,147,210,0,Normal,159,N,0.08567352950524926,Flat,0
64,F,NAP,119,254,0,Normal,124,Y,3.886529073442559,Flat,1
66,M,NAP,135,215,0,LVH,183,Y,1.9180221593239872,Down,1
67,M,ASY,135,120,1,ST,129,Y,2.909772634624583,Down,1
59,M,NAP,136,203,0,LVH,163,N,0.017683273937800722,Up,1
63,F,NAP,102,242,0,Normal,184,N,2.1053852418004704,Down,1
59,F,ATA,119,236,0,ST,193,N,0.09588204678208882,Up,0
43,M,ASY,136,196,0,Normal,175,N,-0.017981336600884613,Flat,0
56,M,ASY,138,256,1,Normal,137,Y,1.4844229749977496,Down,1
48,M,ATA,117,229,0,ST,178,N,0.13530824848558573,Down,0
60,M,ASY,137,254,1,Normal,159,N,2.900159559259652,Flat,1
63,F,ASY,124,213,0,Normal,194,N,1.8182353479035265,Down,0
67,M,ASY,151,212,0,ST,141,Y,1.5322286874969202,Flat,1
63,F,ATA,155,309,1,LVH,169,Y,1.0616154451771636,Flat,1
47,M,NAP,137,224,0,Normal,146,N,1.6336674334383186,Flat,1
38,M,ASY,146,252,0,Normal,168,N,0.08723329493200808,Flat,0
54,F,ATA,129,258,0,Normal,185,N,0.08174140701735737,Up,0
42,M,NAP,151,0,0,Normal,167,N,0.847575652399591,Up,1
62,F,ASY,135,250,0,Normal,177,Y,1.622961182190601,Up,1
57,M,ASY,128,222,1,Normal,180,N,4.1447169021443315,Flat,1
68,M,ASY,132,0,1,ST,151,Y,2.611850107399056,Flat,1
66,F,NAP,119,225,0,LVH,142,Y,0.1594094835279753,Flat,0
65,M,NAP,154,240,0,Normal,114,Y,1.560460258711982,Flat,1
60,M,NAP,135,239,0,Normal,178,N,3.3459793618216316,Up,0
46,M,NAP,147,267,1,Normal,140,N,0.13500183257439335,Flat,1
60,M,NAP,130,249,1,Normal,113,Y,3.2492393087497495,Up,0
42,M,ASY,139,239,0,Normal,175,N,0.08327057123438089,Up,1
61,F,TA,129,244,0,LVH,178,N,3.0752398819529247,Up,0
42,M,NAP,122,256,0,Normal,190,N,1.2417760291001503,Up,0
44,F,ATA,135,0,0,Normal,151,Y,1.5739289732797672,Flat,0
46,F,NAP,138,251,1,Normal,148,N,0.06517967183089576,Up,0
53,M,NAP,150,245,0,Normal,121,N,0.06285417687337407,Up,0
39,F,TA,129,271,0,Normal,155,N,0.03157424717831873,Flat,1
42,M,NAP,144,255,0,LVH,194,N,1.3504341916720906,Up,0
47,M,NAP,138,212,0,ST,131,Y,1.4659430539977134,Flat,1
62,M,ASY,129,251,0,Normal,173,N,3.22269380589342,Flat,1
73,F,ATA,143,203,0,Normal,191,N,0.13604588833171227,Flat,0
57,M,ASY,154,240,0,Normal,178,N,0.033275788196914416,Flat,0
66,M,ASY,108,257,0,Normal,188,N,0.09500770117763402,Up,0
69,F,ASY,129,273,1,ST,169,Y,1.6095260452565752,Up,1
48,F,TA,136,213,0,Normal,142,N,0.02793360195183936,Up,0
66,M,NAP,142,256,0,Normal,148,N,0.17266158018460423,Up,0
46,F,ASY,137,3,1,Normal,131,Y,1.2976709052677058,Flat,1
53,F,ASY,138,253,0,LVH,184,N,2.7631122521956097,Up,0
47,M,ASY,137,211,0,LVH,140,Y,1.4278456110981157,Flat,1
67,M,ASY,138,247,0,Normal,138,Y,2.147477306942142,Flat,1
64,M,ATA,127,259,0,Normal,190,N,0.10499965604711611,Up,0
56,M,ATA,105,252,0,Normal,160,N,0.05811710074214421,Up,0
65,M,NAP,138,210,1,ST,117,Y,2.589187952229783,Flat,1
55,M,ASY,106,223,0,Normal,110,Y,2.7347182731909516,Up,1
64,M,NAP,121,255,0,ST,136,N,1.0577097191257199,Flat,0
43,M,NAP,138,215,0,Normal,166,N,0.06461660267738371,Flat,1
64,M,ATA,145,284,0,LVH,187,N,0.1634386296776317,Up,0
62,M,ATA,128,247,0,LVH,145,N,0.07113229656267304,Flat,0
69,M,NAP,128,234,0,ST,127,Y,1.847212329880296,Flat,1
68,F,NAP,126,233,1,ST,154,N,0.13664721638423197,Up,0
64,F,ATA,151,237,0,Normal,184,N,0.13820016622131046,Up,0
50,M,NAP,152,248,0,Normal,153,N,0.8511259704360805,Up,0
66,M,NAP,136,239,1,Normal,152,N,1.7241293115029566,Up,1
66,M,NAP,137,0,1,Normal,123,Y,1.9960967092736595,Flat,1
69,F,ASY,136,211,0,LVH,143,Y,0.12620323131796643,Flat,1
47,M,NAP,151,220,0,Normal,163,N,0.03430431189509187,Flat,0
42,M,ASY,135,217,0,Normal,145,Y,0.09228419843575181,Up,1
40,M,ASY,138,234,0,Normal,173,N,0.08273493187459682,Flat,0
68,F,ASY,129,250,0,LVH,142,Y,1.643204559555196,Flat,1
37,F,ASY,135,252,0,Normal,202,N,1.9336950057882099,Up,0
58,F,ASY,137,231,0,Normal,182,N,1.0044462938995282,Up,1
63,F,ASY,152,8,0,LVH,153,N,0.8001610918715507,Flat,1
59,M,NAP,129,240,0,Normal,145,N,1.136356796927172,Down,1
40,F,ATA,108,273,0,Normal,184,N,1.4994628492723991,Up,0
44,M,ASY,106,13,1,Normal,184,N,0.11528264742997867,Up,1
60,M,ATA,150,231,0,Normal,122,Y,1.5521128074169164,Up,0
59,M,ATA,137,205,0,Normal,139,N,2.1143272369397366,Flat,1
56,M,ASY,118,250,0,Normal,180,N,0.02773287200172344,Flat,1
44,F,NAP,137,258,0,Normal,199,N,0.16566660851748713,Up,0
66,F,ATA,142,244,0,ST,169,N,1.6590524873643655,Up,0
62,M,ASY,119,211,0,Normal,181,Y,0.052602582016528156,Flat,1
56,M,ASY,100,256,0,ST,182,N,1.942669340105695,Up,1
58,M,NAP,152,251,0,ST,114,N,0.8906158325348219,Flat,1
40,F,NAP,153,260,0,Normal,144,N,0.04262666397348684,Up,0
61,F,ASY,148,242,0,Normal,125,N,1.4425422930607679,Up,0
65,M,ASY,152,267,1,ST,102,Y,1.590645087555651,Down,1
60,M,NAP,152,244,0,Normal,175,N,1.506850641816721,Flat,1
70,M,NAP,134,0,1,Normal,127,N,0.0363288276545766,Flat,1
41,F,NAP,141,235,0,Normal,175,Y,1.518390162289069,Flat,1
64,F,ASY,97,225,0,Normal,202,N,0.08440205268793907,Up,1
59,M,NAP,149,225,0,ST,173,N,1.783421243276119,Flat,0
41,M,ATA,128,261,0,Normal,185,N,0.12973517429097103,Up,0
62,M,NAP,153,232,0,ST,164,N,0.0889877035539371,Up,0
44,M,ATA,117,247,0,ST,182,N,1.2358860625484818,Up,0
68,F,ATA,147,246,1,LVH,175,N,2.8448797666389822,Up,0
64,M,ATA,102,235,0,Normal,174,N,0.12618524682843418,Up,0
40,M,ATA,120,249,0,ST,182,N,0.09702009759737647,Up,0
42,F,NAP,136,220,0,Normal,167,N,0.0285950564076843,Flat,1
71,M,NAP,120,230,0,Normal,167,N,0.05103129558394767,Flat,0
42,M,ATA,145,210,0,Normal,135,N,1.2697481973187863,Up,0
58,F,ATA,142,220,0,ST,196,N,0.20179094756984017,Up,0
71,F,ATA,126,228,0,Normal,198,N,0.13943600400501036,Up,0
49,M,NAP,116,248,0,Normal,156,N,0.08005577478666799,Up,0
56,M,TA,147,18,1,LVH,177,N,1.2335335577935858,Flat,1
59,F,NAP,146,253,0,LVH,180,N,0.031015649524394645,Up,0
45,M,ASY,140,264,0,Normal,188,N,0.13147191851970397,Up,0
53,F,ATA,137,250,0,Normal,180,N,0.12420860763171845,Up,0
44,M,NAP,137,233,1,ST,137,Y,1.230343339211331,Flat,1
62,M,ASY,105,240,0,Normal,136,Y,4.385693615546289,Flat,1
42,M,ATA,121,253,0,Normal,183,N,0.08449607236870288,Up,0
47,F,NAP,144,256,0,Normal,196,N,1.677941635893701,Up,0
64,M,ASY,136,249,0,Normal,119,N,1.5497071235164128,Flat,1
46,F,ATA,141,265,0,Normal,194,N,0.21193339203834075,Up,0
66,M,ASY,137,0,1,ST,128,Y,1.934091725823884,Flat,1
52,M,ASY,137,212,0,LVH,152,Y,0.849252467810931,Flat,1
41,M,ASY,151,259,1,LVH,172,N,2.154917280260399,Flat,1
46,F,ATA,156,298,0,Normal,181,N,0.017210095222316226,Up,0
59,F,NAP,151,232,0,Normal,174,N,0.07675939809426971,Up,0
46,F,NAP,144,240,1,Normal,197,N,1.8119323132544243,Up,0
66,M,NAP,137,255,1,ST,175,N,0.09314478482231146,Flat,0
44,M,ATA,128,219,0,Normal,179,N,0.09225480374297583,Up,0
45,F,NAP,118,221,0,LVH,147,Y,2.3892946755681095,Flat,1
68,M,ASY,136,221,0,ST,117,Y,1.4024721874152475,Flat,1
62,F,NAP,118,253,0,Normal,151,N,0.09752271778894761,Flat,1
67,M,ATA,158,251,0,Normal,141,N,1.7353210997913027,Up,0
69,M,NAP,153,5,0,Normal,159,N,2.12500554440394,Flat,1
50,M,TA,159,17,0,ST,174,N,0.9473253998033064,Up,1
61,M,ASY,135,196,0,Normal,147,N,0.15809189806458343,Flat,1
42,F,ATA,147,270,0,Normal,191,N,0.07639926509331346,Up,0
54,M,NAP,71,224,0,Normal,141,Y,1.4435695947530311,Flat,1
57,M,NAP,100,226,0,Normal,139,N,2.1043241544183413,Up,1
66,F,TA,137,247,0,Normal,146,N,0.12526052298522947,Flat,0
65,F,NAP,145,220,1,Normal,135,N,2.190240449905332,Flat,0
63,M,ASY,167,249,0,ST,108,N,2.053963271598159,Flat,1
49,M,NAP,136,248,0,Normal,199,Y,0.19823622358682016,Flat,1
45,F,ATA,145,236,0,Normal,180,N,1.5028955666297583,Up,0
45,M,ASY,130,0,0,ST,130,N,3.159910749745017,Flat,0
54,F,TA,140,8,0,Normal,163,N,0.9687351320339362,Up,1
59,M,NAP,117,230,0,LVH,170,N,0.1411806472264075,Up,0
56,F,ASY,129,265,1,LVH,154,N,0.09547962659284855,Flat,0
56,M,ASY,138,0,1,ST,98,N,1.3329680739417138,Down,1
74,F,ASY,128,245,1,ST,139,N,0.14492104678262663,Flat,0
62,F,ATA,139,264,0,LVH,178,N,1.4228193899587813,Flat,0
47,M,ATA,149,231,0,Normal,180,Y,3.10184471662609,Flat,1
56,M,ASY,128,235,1,LVH,178,N,1.3025293632372326,Up,0
58,F,NAP,131,245,0,LVH,172,Y,1.249316661986137,Up,0
43,F,ATA,118,246,0,Normal,197,N,1.912153227420442,Up,0
53,M,ASY,136,0,1,Normal,136,Y,2.2513565072026482,Flat,1
58,M,TA,146,285,0,LVH,181,N,0.027158215360843004,Up,0
61,F,NAP,131,253,0,Normal,173,Y,0.07641504338040582,Flat,1
49,M,TA,147,243,0,ST,149,N,2.1032883822133135,Flat,1
42,M,ASY,97,221,0,Normal,185,N,0.10198707676634243,Flat,1
46,F,ASY,139,245,1,Normal,175,N,0.07209326023568821,Flat,0
45,M,ASY,153,3,1,Normal,134,N,2.242690098831992,Flat,1
54,M,ASY,149,258,1,ST,128,N,0.9037638790762147,Flat,1
64,M,ASY,143,214,0,ST,127,N,2.2496517226058868,Down,1
71,M,NAP,147,238,0,ST,131,N,2.279861048930349,Flat,1
62,M,ASY,146,9,0,Normal,144,Y,2.826883501866431,Flat,1
42,F,TA,152,269,0,Normal,185,N,0.10920726821556995,Flat,1
62,M,ATA,154,234,1,ST,116,N,0.056237243903801144,Up,0
43,F,ATA,111,266,0,Normal,175,N,1.4670219643962046,Up,0
70,F,TA,145,258,0,LVH,130,Y,3.0054258619184537,Flat,1
40,F,ASY,129,8,0,ST,174,N,0.016665361125381476,Up,1
46,M,NAP,137,233,1,ST,183,Y,0.06587345355441165,Flat,1
65,M,ATA,130,213,1,ST,152,N,0.05571121235866038,Up,0
56,M,ASY,140,247,0,Normal,175,N,2.424648464775186,Flat,1
69,M,ASY,148,230,0,Normal,113,Y,2.0476219723265263,Flat,1
65,M,NAP,142,223,0,Normal,166,Y,3.215631654033933,Flat,1
44,M,NAP,126,0,0,Normal,130,Y,2.0145023688728005,Flat,1
40,M,NAP,128,238,1,Normal,178,N,0.8068726771342098,Flat,1
38,M,NAP,127,241,0,ST,179,N,0.13871379772684495,Up,0
68,F,NAP,151,258,0,LVH,177,N,1.6405673853759375,Up,0
44,F,ASY,150,246,1,ST,139,N,0.14446610617146377,Up,0
62,M,ATA,138,225,0,ST,171,N,2.26958291969065,Flat,1
44,F,NAP,118,239,0,Normal,186,N,1.9782802777519954,Flat,1
66,M,ATA,146,192,1,Normal,144,N,2.1474846242918675,Down,1
66,M,ASY,151,285,0,Normal,133,Y,0.048566408521153626,Flat,1
45,F,NAP,118,272,0,Normal,182,N,1.2288760984390592,Up,0
63,M,ASY,147,257,0,LVH,178,N,0.03552732366483046,Flat,1
49,F,NAP,138,262,0,Normal,143,N,1.7038027456205007,Up,0
67,M,NAP,141,5,0,Normal,147,N,0.0768012814687143,Flat,0
61,F,NAP,151,217,0,LVH,154,Y,2.668964318469629,Flat,1
67,M,ASY,108,1,0,ST,114,Y,1.6782930345816993,Down,1
56,M,NAP,155,249,0,LVH,173,N,2.4699436076831516,Flat,1
73,M,NAP,137,174,0,Normal,119,N,2.8568965559773636,Flat,1
58,M,ATA,137,228,0,Normal,189,N,0.13434988990429086,Up,0
69,M,ASY,136,203,0,Normal,142,N,1.4720835026156645,Flat,1
60,M,ASY,142,2,0,Normal,152,Y,1.8376621935582833,Flat,1
69,F,NAP,129,239,0,LVH,181,Y,1.7071489310529595,Flat,1
48,M,ASY,138,251,0,Normal,177,Y,1.683702478708446,Flat,1
37,M,NAP,129,290,0,LVH,186,Y,2.2325532250259568,Flat,1
62,M,ASY,136,226,0,ST,142,Y,2.120927026624601,Flat,1
55,F,ATA,149,12,0,LVH,171,N,0.0697027217026622,Up,0
45,F,NAP,147,246,0,LVH,170,N,0.030524720235931252,Up,0
40,M,NAP,163,253,0,Normal,148,N,0.040772483785861485,Up,0
62,F,ASY,124,216,0,LVH,148,Y,1.4674178624642482,Flat,0
57,F,ASY,152,229,0,Normal,159,N,0.030755412434249937,Flat,1
60,M,ATA,129,254,0,LVH,170,N,0.09594552434782554,Flat,1
62,F,ASY,147,256,0,Normal,192,N,0.07481900857648244,Up,0
54,F,NAP,139,237,0,Normal,155,Y,1.4397002798067497,Up,1
55,F,NAP,128,239,0,LVH,178,N,1.8776557184160871,Flat,0
65,M,NAP,117,181,0,Normal,178,N,0.12327524611199689,Up,0
51,M,NAP,150,254,0,Normal,184,N,0.12431614030242652,Up,0
70,F,NAP,135,221,0,Normal,174,Y,3.630216428822153,Flat,1
68,F,NAP,155,258,1,ST,162,N,0.8550400678207684,Flat,0
58,M,NAP,119,216,0,Normal,174,N,0.06429365994612829,Flat,1
49,M,NAP,135,244,0,Normal,168,N,1.6672144331338814,Up,0
39,M,TA,119,225,0,Normal,136,N,0.037527568735197005,Up,0
55,M,NAP,149,266,0,LVH,177,N,2.889779133388501,Flat,0
42,M,ATA,136,253,0,Normal,194,N,1.4641152223913285,Up,0
63,M,ASY,152,195,0,Normal,139,Y,3.271992399987466,Flat,1
44,M,NAP,136,243,0,LVH,160,N,1.376714684568592,Flat,1
39,F,ATA,147,274,0,Normal,191,N,0.10326178901892717,Up,0
45,M,ASY,135,223,0,Normal,194,N,0.11209178926365025,Flat,0
62,M,NAP,128,237,0,ST,168,N,0.09314842899598448,Down,0
61,M,ASY,126,217,1,ST,135,N,2.6598393377605247,Down,1
60,M,ATA,144,291,1,ST,178,Y,0.09672154128237614,Up,1
46,M,ASY,137,249,0,LVH,184,Y,0.060045031125616974,Flat,0
68,F,NAP,146,287,0,LVH,176,N,1.694550182402808,Up,0
67,F,NAP,102,310,0,Normal,196,N,0.05077277347148084,Up,0
62,M,ASY,120,243,0,Normal,171,N,1.4513303351949185,Flat,1
65,M,ATA,128,274,0,ST,133,N,1.0744180223723105,Up,1
45,M,ASY,135,229,0,LVH,185,N,2.056964590453352,Flat,1
56,M,ASY,152,262,1,LVH,157,N,2.2127689860625885,Flat,1
40,F,ATA,153,277,0,Normal,181,N,0.08576439254368279,Up,0
44,M,ATA,144,239,0,ST,183,N,0.1155203952902298,Up,0
61,M,TA,136,10,0,ST,171,Y,1.1021370029712994,Down,1
64,M,ASY,140,183,0,LVH,146,N,1.8898120825973876,Flat,1
59,F,NAP,129,245,0,ST,117,N,0.08869315090541809,Up,0
55,M,ASY,138,206,0,ST,176,N,1.805340087539907,Flat,0
44,M,NAP,148,260,0,Normal,180,N,0.0943358386663054,Flat,1
65,F,ATA,145,271,0,LVH,167,N,1.3229947504757948,Up,0
64,F,ATA,117,244,0,LVH,162,N,0.09720310405958808,Up,0
47,F,ATA,137,275,0,Normal,195,N,0.1309205747412128,Up,0
65,M,ATA,146,237,1,Normal,178,N,0.09406522922372991,Up,1
67,M,ASY,116,199,0,Normal,151,N,0.14468006841165998,Flat,1
68,F,ATA,143,246,0,Normal,182,N,0.0864853923048889,Up,0
66,M,ATA,109,8,0,Normal,121,N,0.06863134449191369,Up,0
63,M,NAP,132,192,0,Normal,159,Y,2.9673309951325324,Flat,1
62,M,ASY,148,215,0,Normal,165,Y,1.7370008778291388,Up,0
44,F,ASY,139,246,0,Normal,178,N,1.4722013215935892,Flat,0
43,F,NAP,137,253,0,Normal,178,N,1.3784656280134227,Up,1
59,F,ATA,109,236,0,Normal,183,N,0.04050622519117802,Flat,0
66,M,ASY,141,197,0,Normal,186,Y,2.4008729359379277,Flat,1
66,M,ATA,143,237,0,LVH,139,N,0.15020862459275566,Up,0
57,F,NAP,131,269,0,Normal,170,N,0.07077881664094957,Up,0
66,M,ASY,106,239,0,Normal,162,Y,0.998527360583608,Flat,1
66,M,NAP,149,249,0,Normal,127,N,0.033110793309309626,Flat,0
72,M,NAP,144,263,1,Normal,177,N,1.7935132589151408,Up,0
63,M,ATA,152,217,0,ST,126,N,0.058162377137751915,Up,0
61,M,ATA,137,225,0,Normal,154,N,1.7831829614425854,Up,0
56,F,NAP,117,235,0,LVH,198,N,0.0684218882232186,Up,0
63,M,ASY,135,238,1,Normal,183,N,1.6147743699841604,Up,1
49,F,ATA,142,275,0,Normal,178,N,0.10840059590113485,Up,0
35,F,NAP,139,226,0,Normal,180,N,1.1757188801654912,Up,0
67,M,NAP,137,227,1,Normal,192,N,1.583231487680602,Up,1
69,F,ATA,149,281,0,ST,188,N,0.22769763428837603,Flat,0
47,F,ASY,143,254,0,Normal,192,N,0.1746949207538485,Flat,0
41,F,ASY,138,233,0,LVH,187,N,1.3538229408858602,Flat,1
61,M,ASY,111,231,0,Normal,139,N,2.774606887083988,Up,1
59,M,ASY,150,3,1,Normal,167,N,0.9061146883078279,Up,1
46,F,ASY,116,267,0,Normal,194,N,1.4385695232369833,Flat,1
46,F,ATA,118,223,0,Normal,175,N,0.10093595919139228,Up,0
51,M,ASY,139,258,0,Normal,167,N,-0.019675091891673505,Flat,1
69,F,ASY,141,230,0,Normal,169,N,0.06619130429164288,Flat,1
40,M,ASY,145,203,0,ST,170,N,1.6089164380028544,Flat,1
49,M,ASY,140,9,1,Normal,165,N,1.1813790209667128,Flat,1
41,M,NAP,136,221,1,Normal,189,Y,1.778043358917943,Flat,1
63,F,NAP,147,209,1,Normal,132,Y,1.8795122733495235,Flat,1
62,M,NAP,147,218,1,Normal,150,Y,1.5863921551417477,Flat,0
62,M,ASY,128,2,0,LVH,176,N,1.2965166347992216,Flat,0
63,F,NAP,146,263,0,LVH,119,N,1.7560561172265663,Flat,0
60,M,ASY,142,253,1,Normal,140,Y,2.2545919246440977,Flat,1
40,M,ATA,148,255,0,Normal,191,N,0.15190356916454728,Up,0
54,M,ASY,157,172,1,Normal,137,N,1.5893796408054952,Flat,0
56,F,NAP,161,256,0,Normal,185,N,0.04163942285355383,Up,0
57,F,ATA,140,264,0,Normal,187,N,0.0967756227895073,Up,0
71,F,NAP,139,258,0,LVH,131,Y,0.1647033056789386,Flat,1
42,M,NAP,137,207,0,Normal,144,Y,2.478901484809827,Flat,1
58,M,NAP,131,296,0,ST,171,N,0.08794112149784215,Up,0
70,M,NAP,136,272,0,Normal,173,N,0.04415395193352468,Flat,1
67,M,NAP,140,215,0,ST,177,N,1.7819348779701751,Up,0
54,M,ASY,137,221,1,ST,132,N,0.0721184542796222,Up,0
45,F,NAP,129,259,1,Normal,166,N,0.02306495760847635,Flat,0
64,M,NAP,129,272,1,ST,141,N,0.05771977254692812,Up,0
42,F,ASY,148,258,0,LVH,146,N,1.2898160780454058,Flat,1
61,F,ATA,140,13,0,LVH,170,N,0.06385898389532281,Up,0
63,M,ATA,119,0,0,ST,182,N,1.8086996049705244,Up,0
59,M,ASY,136,225,1,Normal,167,N,2.7051371592282303,Flat,1
48,F,NAP,143,237,0,Normal,175,N,0.09338548249341413,Flat,0
46,M,NAP,104,210,1,Normal,136,N,0.10024371393028987,Up,0
67,M,NAP,99,7,0,ST,178,N,1.393994063273078,Up,1
61,M,ASY,105,229,0,Normal,141,Y,0.057894623939406614,Up,0
59,F,ASY,137,208,0,Normal,171,N,0.013584610866342385,Flat,0
42,M,ASY,143,199,0,Normal,142,N,0.052019312321925956,Up,1
53,M,NAP,135,219,0,Normal,202,N,0.06921455509180768,Flat,1
68,M,ASY,128,0,0,Normal,137,Y,3.7576205064033172,Flat,1
65,F,NAP,151,235,0,ST,131,N,2.6347111933205114,Flat,1
60,M,NAP,148,241,0,Normal,173,N,0.17438845559706592,Up,1
71,F,ASY,143,205,0,ST,164,N,0.1689400022929503,Flat,0
48,F,TA,144,240,1,LVH,175,N,0.10296690642495397,Up,1
42,M,ATA,105,255,0,Normal,194,N,0.09360434959439183,Up,0
46,F,ATA,145,253,0,Normal,188,N,0.16581378388828677,Up,0
61,M,ASY,137,226,1,ST,174,N,1.4461488573806733,Up,1
42,F,ATA,147,234,0,Normal,177,N,0.04998843649447002,Up,0
68,M,ASY,146,194,0,Normal,133,Y,1.7448587612345614,Flat,1
44,F,ATA,142,219,0,Normal,187,N,0.18343758886895364,Up,0
65,F,ASY,146,245,0,Normal,138,N,1.5288826659465042,Flat,1
56,M,NAP,139,285,0,LVH,174,Y,0.09675905657297214,Flat,1
61,M,ASY,136,2,1,Normal,163,Y,3.052997926545042,Flat,1
64,F,ASY,138,259,0,Normal,175,N,1.9494817582987047,Flat,0
65,M,NAP,130,256,0,ST,171,N,1.363264235533412,Flat,1
48,M,NAP,144,211,0,Normal,195,N,0.20755077089151985,Flat,0
50,F,NAP,142,269,1,LVH,181,N,2.9254897650081144,Flat,0
60,M,ASY,147,220,0,Normal,146,Y,2.247626679737878,Down,1
65,M,NAP,143,196,0,Normal,139,Y,0.09981722742113064,Flat,1
54,F,ASY,151,8,0,Normal,138,Y,1.047584789131848,Flat,1
46,M,ATA,127,227,1,Normal,184,N,0.1220381771885426,Up,0
45,M,NAP,137,201,0,Normal,139,N,0.04569655773438672,Flat,0
60,M,ATA,121,261,0,Normal,177,N,1.788877188296417,Up,0
47,M,NAP,134,219,1,Normal,149,N,2.1704114009065334,Up,1
66,F,ATA,122,250,0,Normal,144,N,1.6425892688102364,Up,1
41,F,ATA,156,268,0,Normal,183,N,0.08702163738543214,Up,0
44,M,NAP,155,249,0,Normal,181,N,0.022461263305348703,Up,0
58,F,NAP,138,207,0,ST,145,N,3.410121579367013,Up,0
65,M,ASY,136,235,0,Normal,131,Y,2.871000412332549,Flat,1
50,F,NAP,137,210,0,Normal,189,N,0.014090511429789124,Up,0
59,M,ASY,126,244,0,Normal,187,N,1.6194386816576343,Flat,1
58,F,NAP,127,214,1,LVH,133,Y,0.031165918749397094,Flat,0
62,M,NAP,128,0,1,LVH,170,Y,1.4134739596484367,Flat,0
61,F,ASY,145,272,0,Normal,192,N,0.07632979926381137,Flat,1
46,F,NAP,145,246,0,Normal,178,N,0.060231386287960556,Up,0
43,F,ATA,120,289,0,Normal,199,N,0.08554248698979124,Up,0
62,F,ATA,145,237,0,Normal,180,N,0.16533489022206235,Up,0
45,F,ATA,142,229,0,Normal,196,N,0.1394497927702596,Flat,0
62,M,ASY,147,284,0,LVH,183,N,1.418765425417928,Up,0
59,F,NAP,101,0,0,Normal,182,N,1.2972109029294632,Flat,1
46,M,TA,138,246,1,LVH,146,N,1.319940033073816,Flat,1
61,F,NAP,146,261,0,Normal,172,N,0.09345477596335063,Up,0
42,M,NAP,110,260,0,LVH,183,N,0.11179492699695198,Up,0
63,M,ASY,136,201,0,LVH,151,N,0.18369646308739024,Up,0
59,M,ASY,145,303,0,Normal,128,Y,1.5659348044734982,Down,1
59,F,NAP,125,1,0,Normal,160,N,0.12564661826132642,Up,0
62,M,ASY,139,225,1,Normal,163,Y,1.1182233592730915,Flat,1
45,M,ATA,145,240,0,ST,186,N,0.07931012760757884,Up,0
62,M,NAP,140,226,0,ST,172,N,0.12420466798450439,Up,0
46,M,ATA,142,230,0,Normal,149,N,0.1281190128143428,Up,0
55,M,NAP,103,240,1,Normal,173,Y,1.3941269756762293,Flat,1
59,F,NAP,136,210,0,Normal,192,N,2.00297625374274,Up,0
60,M,ASY,141,275,1,Normal,162,Y,1.1477579660293482,Up,1
46,M,ATA,128,249,0,Normal,152,N,0.11780697638239451,Flat,0
65,M,ASY,140,256,1,LVH,126,N,1.5579059573424323,Up,0
37,M,ATA,138,223,0,Normal,191,N,0.07161087013256132,Flat,0
66,F,ATA,142,258,0,Normal,191,N,0.1496702521027168,Up,0
67,M,ASY,127,247,0,Normal,173,Y,1.764222240576749,Flat,1
45,M,ASY,152,277,0,LVH,148,N,0.014518716610045494,Flat,1
45,F,NAP,101,239,0,LVH,147,N,0.1076137892577767,Up,0
42,F,ASY,128,224,0,Normal,175,Y,1.4323867712236291,Flat,0
65,F,ASY,147,249,0,Normal,159,N,1.0760090151718853,Flat,1
43,F,NAP,121,264,0,Normal,174,N,0.05718525106204103,Up,0
46,M,ASY,147,258,0,LVH,186,N,2.2054279087266377,Flat,1
63,M,TA,135,232,1,Normal,156,N,3.895612297877859,Flat,1
51,F,ATA,143,248,0,Normal,183,N,0.20113304618332642,Up,0
43,F,ATA,149,255,0,Normal,181,N,0.07944948277865857,Up,0
48,M,ASY,137,3,0,Normal,136,Y,1.3954543886513968,Flat,1
60,M,NAP,139,242,0,Normal,148,Y,3.7355342161596767,Flat,1
64,M,ASY,140,234,0,Normal,176,N,1.2909346254754535,Down,1
53,M,TA,147,220,1,Normal,183,N,2.039980047294561,Up,0
43,F,ATA,109,268,1,Normal,181,N,0.17535145311295533,Up,0
43,F,TA,107,10,0,Normal,183,N,0.06141531921961507,Up,0
64,M,ASY,120,259,0,Normal,177,N,1.4205071691278492,Flat,1
65,M,ASY,149,230,0,Normal,147,N,2.0685983058926887,Up,0
47,F,ATA,140,255,1,ST,189,N,0.1176810061627246,Up,0
57,M,ASY,140,245,0,Normal,121,Y,2.4973783698368273,Flat,0
64,M,TA,112,237,0,ST,113,N,1.841828044467031,Up,0
57,F,NAP,119,6,0,Normal,182,N,0.06042298118109885,Up,0
45,F,NAP,140,261,0,Normal,188,N,0.044137612246704316,Up,0
45,M,NAP,103,236,0,Normal,182,N,0.05391265014057967,Up,0
64,F,NAP,148,225,0,Normal,173,N,1.6807189498441388,Flat,1
62,M,ATA,146,255,0,Normal,170,N,3.01196465316322,Flat,1
64,M,ATA,120,0,1,Normal,99,N,0.08642013204878782,Up,0
59,F,ATA,140,264,1,Normal,195,N,0.0048389147630112875,Up,0
47,M,NAP,139,212,1,Normal,150,N,4.101559463305843,Flat,1
61,F,NAP,138,270,0,ST,150,Y,2.034696597751655,Flat,1
62,F,ATA,130,271,0,Normal,182,N,0.0906301671002783,Up,0
61,F,NAP,127,252,0,ST,193,N,0.13367551094330427,Up,0
63,M,ASY,138,10,1,Normal,120,Y,1.4261325885489713,Down,1
62,M,NAP,140,228,0,Normal,102,N,1.2870455090384019,Flat,1
68,F,ATA,146,245,0,LVH,179,N,0.17031864243904224,Up,0
59,M,ASY,97,211,0,Normal,173,N,1.9981054859158325,Flat,1
71,F,NAP,146,294,0,Normal,188,N,1.395625815576133,Flat,0
61,M,ASY,135,218,0,Normal,176,N,0.12631366947849484,Up,0
65,M,ASY,107,259,0,Normal,171,N,1.2460943607825414,Flat,1
64,M,NAP,129,318,1,ST,160,N,0.9469231530889697,Down,0
60,M,ASY,128,206,1,ST,173,N,1.4052692847410706,Flat,1
38,M,ASY,138,214,0,LVH,168,N,-0.01736631334973701,Up,0
63,M,NAP,147,198,0,ST,143,N,0.09491644417447909,Flat,0
44,M,NAP,139,260,0,Normal,189,N,1.1712046131255527,Flat,1
64,M,ASY,105,231,0,Normal,156,N,1.8494415882119228,Flat,1
62,M,ASY,126,0,1,Normal,128,Y,2.0762929015620335,Flat,1
55,F,ATA,130,244,0,ST,153,N,1.8735589759750266,Flat,1
63,M,ATA,137,264,0,Normal,183,N,0.06072505363123773,Flat,0
66,F,NAP,148,251,0,ST,189,N,0.1003979117222486,Up,0
58,M,NAP,148,6,1,Normal,171,Y,1.7040443193472115,Flat,1
